R=15;
C=15*10^-6;