R=10;
C=10;